6314
1204
6098
2928
684
2124
3256
7476
3706
4062
426
0
892
2868
542
570
1092
4048
1768
820
6980
4198
1992
4312
1220
7046
4172
7212
1516
586
1996
1300
4038
1084
6314
1204
6098
2928
684
2124
3256
7476
3706
4062
426
0
892
2868
542
570
1092
4048
1768
820
6980
4198
1992
4312
1220
7046
4172
7212
1516
586
1996
1300
4038
1084
16
770
3820
5132
7346
1520
1322
5010
558
524
2598
886
7544
2060
0
1032
1886
718
778
1776
2380
6238
1122
1596
1146
4524
0
6194
800
0
4062
5076
1748
220
4338
6070
258
0
1824
1386
2676
1394
706
3284
3192
1902
2042
1166
1196
0
1190
3514
1228
7140
4968
2308
1176
5572
3452
1450
4194
4146
1378
1388
2712
1318
